$ANSIBLE_VAULT;1.1;AES256
65376463326461663538383466363436386434613761323834313033626537333465666630313637
3164356438333831353963363636666431383538353464350a333462306136656264623236316634
32633835326130613738393863623734386462313234613639363166613765626264303237623864
3737373361643630390a613733653833613064383462343033303637363331313738666236613334
35353231646164616536363031613065363637373836623832353463623032383265393330356331
62333134333666393663323438323564376336656234343065326331336435373862376535363131
33613336666436303866313539666639316436313030393839313231326362316362663331303939
35663064616532326664353834383537356236376361616337373266353636623966346130613934
64363330373262313130336431313662363936333664336138656237373931616330653562366139
62393734333763653466626132386330353265633338353138653065316433373434663837303439
39333038396539323337613561396136363839336663633334303734306335623831316663383739
39383064376634376530343433646362393464636333633938396339323030343163353864376238
36343039326665666632353636613538326436313036343965346330363938373430616239343539
36343731353231366433393363643434373164666565326565393138396233383462616634646434
33623933313433393862653262363037386634666263383364326464613163643631656138346364
38643535333365313738623036383665663463636138383435336461613531666639306139323032
63303166306635623034393830353261343136326637303936343731626636666539393135373562
62333136353730643364353365323532383330343530366630613639323465643264626635343430
36356239323135656531333266373930383362613165323864643036623231333639326531343962
32343062363837643134633236303830303431653937313262326231333136646463336264366565
37663065336132373832303839313833376432383732636534666239613562306539396534326565
64373763383164326233383437616633313661366161326438613438306361303436393232343734
37353531663736633863636264656337386165353863396562303532623137613565343965353731
63323262346233633338656532633862316462373637383563303236666435616366633230343436
61356666376164643964616137663134323964326633656237323233303236376266613939323763
64396164613562343963353862396264323934313964613832396139343266613433663362666463
34363530646438363039636530613839373361393234356438373833663535323435333339333735
33313839653730616161346661383964616139666330613339383530623637633330336232303232
65336563356666356638333134326663356533346437623035366232623739393731383539663633
64633832323436333532313262306431383436396434316532333531383765333362646436313232
36353938636565616131303636393339623662643336346232666538653636353962383565326662
39363738666438663761373137653565643035353966383435316434316137616639336562633539
33656431653531663565303436396638303230363038346236626464613964613039326462636339
62313338643066386436336261316534623836623761616133313138326232333434316466613530
62366239316464313133383663646265643166396535353435623564666430633932366331373433
33353238333862353831633530626231373630396463336334666363313163313838633537363438
37366165303366636237363966656630636531383132646632336538613361616433386639373130
35633639366333396264326136306561393166313165366439633234316537613263333464666664
66396231333061346164343539646164323666656432373465323934663131323737343163623864
65656165393939313864303262303836313066663934386634366333383830373737326334326139
39313831356634663566663130336163333638373465613532396130313565303130383736306536
36613732393063303862343365386162316335306564383039646132626238333335643136663964
37666133333634663738393033316137316138393962306562393531646265363663323839326432
31333561643431666436
