$ANSIBLE_VAULT;1.1;AES256
31373830383266313265323038666233626333653361623534656133373364633163656564633730
3339623865386366666533653134396633303135333435320a343164316231653439636366663634
35646337643864663663383335303736313535373564306364303336323734303664343237343561
6362316131653962640a346633313162656631613662386563633961376366636532623737346562
33656162616136363531383438363866643736613465386535663338303732303865643463363061
32626631356130336665376337393130643834623761626162366230353732653862653366623339
31653363653966373533613564373536386536376637353732346631626266626266353534633937
62346234336664303363666633376566353838633831356130356536623331626431316633393931
38663763373635393766316566653833653661353462363637626563343763663662303734633839
37373037653363646265363865366361666164326130626266633732313836396163303763386335
66656435626165393966333733366639653465313565323361323066303334336430633839313961
66623165383832636436303633623265616161336331316230393037613431366231363562326665
61313937373830656164626539633166396539363732643866303336393332633362313930613831
37313866326439316163353334643630393230663064363766666362373233353965663235643738
32376461313563653431613237356234346338376537663864303631346137333538303231373837
65346534663132383263316133373734303532656235376361303432396537623639363064306135
33363337643932323539313132656665613038376233626566346434356664623161373630613263
31363235386432626432313736393162333731336239633131306266303235336633396465343363
32346663376530636562663933373763623632373263313865623431663863623663666231623333
32366437333338643738613366376262323435346364346636313762303061633261663363626431
36393233643863313533326136653637623530656636393661356237303164313230323564613437
35363937323733373238376463653036663330633338653139333236323138383464646632663936
62356438656239346637353434303962333762636466633164343233633632303565336162333761
39356265333163313766383834393337643033666562393966366338626265613635626531346361
61343761666332353332326633346338333937353163386333306564303761313464333838616232
38383634646233323732616336656139643839656164353937383264396639326431336132366232
38323133316537306663643334326562666237363437646432363339346635346264653735643234
65303562613132333637323466313164343137646563623166663662623261353437316232353164
30303232663733653630396438646662383532313936343733326365643265633639353137616635
35393531303961356663633137303938313834636165653662373462633361303364356362333133
63326663306130383235396331303533366233306336356134393131653535356439666261653238
62356563366431643739306135343063623665353761303235323261373530326565393038653930
35666330306331613234643730346465353462323963633333313139336338313432633237393535
31343038323064616466656563616264393533306530333465633531343232343964646164373032
39393839356234613764343037633434363563303663643032333036363637306134616333346534
38313331376665656366363338343232383937353535326466383266663565366232616332376330
30653238343331356234323762316662653236663337316432366266343430323532616537333630
36623964633031353365656337643332636133396233353563616334633033343431313061313162
65623664333736326330616132653632633565646532633565356662663333336233633164396463
35333931393466313432633130316662633130613638303233633036373532323338383665623034
39353633633833363833656663323761383931326265663464663133333734396262633935623734
63333232383736386333323835383262653038373564366634336532386530323364616262646565
64663663363139386235366237613133323634636338623235656462346338653064633837643565
38366639303639326134
